10000
3601
4709
490
8585
7523
4853
1548
639
7534
7908
7323
6792
3598
7611
7733
3710
1069
4169
6606
611
8057
8871
3758
3274
851
2499
9833
992
3154
312
4470
7579
426
9896
7962
6570
9918
3318
7234
7112
3906
363
904
7420
5762
6871
4709
3303
885
8358
1647
9722
7111
3131
7719
6788
9432
9812
8938
4392
9042
9908
4708
5276
2128
505
4517
2096
4790
9576
1576
7553
6792
5326
3947
2692
270
9294
2207
9165
7131
2923
9125
7993
5804
7268
9857
4744
8092
4721
3676
3929
8963
7231
2067
2804
9401
9166
9291
7798
987
7457
3262
7739
7136
5173
8007
3678
539
7309
6113
503
618
3846
6348
1204
6605
8487
7384
4041
6499
3216
8049
8264
3846
6598
7277
6611
6604
9968
9342
3376
2847
4905
6328
8053
1375
4973
2660
5200
4049
1131
6312
2554
964
3418
258
7798
8055
60
1060
4557
7844
3888
1156
8492
6373
5194
4292
676
4911
8205
3176
850
3695
2516
8776
6592
1245
513
8529
4383
7448
6694
1994
7771
9936
1599
1986
9671
4758
8828
324
8244
3610
4243
4000
2454
8830
5659
9701
3796
3288
40
2970
2638
5963
8217
37
871
4466
4748
7431
6266
1782
4605
5832
1582
6878
6789
5316
4452
5574
3567
580
2413
5438
1983
1371
3179
5846
4251
3916
7487
8809
8030
4476
7700
9941
1684
4712
5166
2746
6720
293
2326
7850
9806
550
1381
4992
7536
2053
3284
554
4803
5376
6562
7236
2149
1631
4093
5791
9250
3412
3457
1916
3042
9650
3375
6888
4647
2274
7107
4438
3265
4426
9960
7901
488
2366
8815
9823
5519
4972
488
7416
9684
2689
3412
5257
2294
4482
3519
353
3397
1621
5016
8030
2448
4202
8172
3405
4896
6031
3403
8313
1578
6890
9528
5063
2741
8354
2221
2783
2156
3844
5145
5982
2072
5443
9363
8613
73
130
5220
3276
7768
8148
7575
3410
6372
6298
662
9137
8192
497
8134
8635
3009
9146
9715
8926
4768
9771
4489
8949
6285
8045
9097
780
7308
4138
1460
2782
5792
1548
60
9703
352
4673
1613
8958
2911
6494
4313
6767
3481
2487
6187
8922
8684
2037
2130
7632
5581
574
9142
6899
9041
7168
9335
4577
7646
8418
1444
297
9343
9681
2702
9503
6404
8317
4691
9012
8698
6115
71
4221
1723
6507
5173
4684
4917
8450
4643
7299
990
6180
8379
4484
1529
9333
5278
7835
2584
9327
8315
1176
299
4770
1923
3287
1912
9789
9302
8947
3271
3284
6921
5356
9971
9691
2496
5840
3996
7072
6894
9156
2540
1644
5157
5755
8317
1529
7629
4081
4173
4359
698
457
3312
1227
2757
2339
6428
7867
8494
3110
8792
1741
2506
1973
8665
8710
1072
2172
9995
2152
7861
8249
7448
9075
9588
6411
5653
4863
7909
2676
3932
6435
9534
8151
3790
5188
3224
8728
940
8282
7552
9526
1294
4059
8462
1407
1273
6128
1780
4359
8697
3890
5008
248
7927
343
583
5957
2195
1806
4768
6736
9583
4104
1644
9106
398
3504
8918
7867
4024
8563
2671
9387
8072
8910
6652
4541
7090
128
767
5221
9826
8800
1307
3498
2182
2190
2879
1880
1151
2727
1701
4814
7538
7635
9386
6595
8014
7317
6233
5093
400
5580
1936
5123
503
3788
8915
9241
3359
5504
2596
325
3129
6915
2419
6728
9270
5001
2387
8550
5245
2340
348
3141
6235
9881
6037
2018
7745
2417
4927
664
2080
7969
3472
5728
3975
5369
2754
8191
4510
6133
5201
9239
7924
7088
5326
4543
1495
7539
8679
6901
2001
2512
2714
8111
3753
4175
9998
1379
6949
8088
3515
8116
3448
7146
3644
3293
860
3720
3602
5150
9300
4152
2223
6528
2932
450
2837
6720
5127
8918
644
6188
4612
9692
6282
8217
2614
4370
4620
258
9535
615
6260
5069
2756
6349
3183
5533
617
8929
2276
8895
7396
6416
3391
5273
7917
3441
1203
5594
926
8060
635
5776
7272
7953
146
7393
3830
7826
4288
5873
6941
7667
1825
2586
1656
740
8684
7446
4326
5352
8842
1440
1654
7939
800
6497
5430
6370
4664
4630
4554
8696
6986
7412
5705
12
6311
2058
5289
7944
4473
4216
1810
2607
4754
6205
9991
5639
1793
7743
1607
8895
295
3825
3171
6720
1321
2501
7234
5244
3835
6045
7659
225
6833
5789
5570
2659
8534
444
939
7668
562
2619
6584
3677
4364
7136
3217
5147
6211
1863
4952
9119
1986
3702
762
2847
1666
5180
8662
3369
5181
3456
6836
929
1504
4315
1863
167
4666
3167
8530
3938
9038
5099
6321
2520
5628
1458
778
2257
9488
4665
9387
8696
996
8313
4352
9879
2840
5058
9265
4720
9690
6589
5032
3134
6964
82
2003
5219
6675
338
5337
2265
8870
2659
1166
5422
5573
5200
9478
6241
8471
8010
2892
698
8461
4078
1033
8111
1621
1855
6532
5606
8224
6820
1618
3743
3491
3169
1088
6931
4338
2204
3039
1099
784
9088
5785
2300
8849
2918
948
1511
346
2903
6338
2136
2597
3568
8211
3833
3893
3022
4190
1191
2102
9793
3822
3196
298
1079
5459
6735
4304
958
6670
3927
8630
8950
5604
5909
4453
247
3595
4337
8569
687
4909
570
2599
7744
2253
5624
7479
9292
21
4141
3971
1720
3973
7829
8733
8748
5752
2016
8175
8680
9836
9916
7037
9252
841
3281
7809
5459
4654
6876
1178
6031
4727
8003
4316
2217
9720
4859
8400
5756
2640
5174
3280
2758
229
1355
4551
4683
2098
7007
5082
7318
1279
371
9445
4590
3106
6132
1021
2610
715
1625
2414
2114
3584
8204
4810
877
7679
8093
6694
6928
4605
1797
3351
6582
3323
3652
5314
1498
2225
8949
8761
854
1271
8481
879
4907
9204
1555
9742
9287
7041
4934
2010
3117
6107
4337
2666
4727
8631
6139
8680
2511
4767
5072
3417
9936
3059
5771
2008
1557
9455
9397
8977
5902
9023
6953
9914
6516
4024
6121
2354
7201
8699
447
1698
4069
2291
4932
3788
1008
9299
2062
9847
4771
2790
3069
6427
1141
2597
7349
7683
1500
3968
9924
4044
8609
1645
2003
3630
1170
4337
4522
4969
2355
169
7996
2333
9399
6375
8030
2793
3366
7673
1713
1432
9186
3185
7939
351
6076
3339
6136
9024
6098
9461
4826
3681
9542
4205
5290
2992
3898
4264
5113
6105
2241
2670
3852
9862
3572
8647
1761
6197
119
8841
3382
9762
8667
3522
1664
1009
4295
1671
2914
6238
1262
6514
2233
4720
8632
2265
9170
9273
2002
2283
8380
9580
352
3964
6391
8054
3224
5429
6423
1609
6391
276
4968
8750
1433
2886
7301
7011
5479
6136
3068
3555
9982
3116
1598
7378
2833
8449
8026
7354
8609
3675
7429
7681
166
7736
6765
2275
7908
6732
1345
2762
2894
3305
7422
2832
3208
3244
5579
1545
9196
4102
6465
8756
6123
5217
4575
9414
8442
2664
6520
9795
6370
630
9269
1966
2821
5796
8645
7827
8060
9036
1674
199
6918
9807
870
6682
6469
4015
9229
9051
2618
9477
4067
5810
3542
5086
5509
4386
1034
3329
3950
2084
3008
3592
5838
5957
877
2717
5852
49
6604
8265
3983
3713
9886
1815
781
5594
9421
3815
3685
5974
5351
1747
7377
2923
2978
9330
2044
484
7937
575
9392
2191
1888
7116
1337
3703
9590
4808
9427
7594
6114
2644
1715
5121
9131
5640
886
7493
7759
2095
2343
7198
7044
9543
6215
7719
7624
6589
4607
9096
8551
4763
3490
3946
2005
9224
9815
5445
5713
1098
3012
9671
7449
9894
2739
1979
335
8966
9598
4051
3605
482
9115
7472
8444
4093
3408
5203
7545
4147
8792
2772
9053
2699
7009
7429
4463
4800
4720
8914
4178
1522
7958
4902
9715
9189
3817
5887
5055
6159
3731
2590
4749
7242
3415
9950
4241
2804
1181
4290
7375
6823
1804
8685
9172
9618
1269
1512
1699
7504
8252
4530
779
5218
5443
6043
5989
9625
4135
3090
699
8428
9167
5700
2077
3940
8593
6274
5003
5088
1049
462
5450
5113
60
8913
2958
9952
2215
4102
345
542
7512
6954
1331
7009
8481
1169
7354
1937
9289
7040
2167
6736
537
4315
6005
899
6452
2666
5904
2342
1318
1923
6118
3180
4715
3237
3391
827
2704
8238
2042
3187
1113
6652
8078
4223
1036
9856
2829
1557
979
8943
2475
592
3964
5063
9122
7789
9605
323
2715
8220
5095
4564
5632
2558
5279
1324
6439
1761
8989
6618
2125
995
6235
3110
380
5986
616
9128
7919
8714
9191
1271
517
8429
6035
1400
5812
5303
6404
4999
6978
1360
9063
7488
3269
1511
8683
5346
7034
8863
5476
2230
4233
6311
3609
1036
9454
1392
4182
6759
3239
1501
9203
8334
1605
8887
5262
7087
1367
967
1617
7961
8565
9100
9499
5821
9153
7717
2253
8677
8681
921
8799
564
6398
1428
3748
966
553
3303
9112
553
9395
9814
5164
9025
4965
8332
9204
1811
2369
2986
9451
5910
9137
9637
4210
1890
3692
5270
2279
6775
4889
5239
4754
6413
9338
1407
158
3248
3790
915
5895
9528
767
1950
4928
1115
1177
8531
8842
6766
4878
4708
2432
2464
4996
9368
6717
6857
7293
4519
3680
9530
3634
5894
4680
6603
5618
5430
1114
9509
7703
1151
5272
9326
6282
2778
8209
8960
1238
3993
2270
518
7062
4481
2061
8805
4386
2548
4860
5984
2055
4904
7408
1260
9439
4848
5395
9678
5065
1974
5090
2832
3582
7499
631
5150
653
361
8144
7223
6594
3627
9703
5070
2669
6345
3343
7599
447
5422
2277
4764
5793
3950
4684
5975
1712
309
2087
9598
6836
6085
5321
5639
3827
5489
845
2167
971
6917
512
7136
3590
4992
8543
275
5772
6050
3923
7158
3097
6460
9419
7050
138
7860
1766
2909
2115
7432
3536
1009
9767
9859
238
8219
7025
6943
705
2787
6255
8135
1321
3160
669
3518
2214
9515
717
1887
583
581
7497
8680
451
4149
5523
2304
4865
9749
741
3868
4516
6225
8713
4191
3152
9625
1167
4163
5125
9692
4908
4102
6279
8080
9261
3624
1245
5984
7712
1943
5031
3274
7894
5883
5291
2300
3828
4041
3254
3773
7413
7271
7079
7659
8913
7945
566
3176
5366
8168
6073
4018
7853
1835
7171
9535
2014
6129
2282
5710
5625
8386
4352
727
9041
765
1561
3030
3689
5724
8805
2900
3308
9121
48
6875
5077
5968
6927
7172
3615
8001
4142
8028
9267
4229
6691
7051
1126
8077
9869
9147
8814
3290
2178
8962
2298
3060
7902
182
4404
9691
5855
2484
5810
5292
675
8982
5925
1432
5834
5965
7526
4015
1161
5710
8592
7098
6827
9128
1447
6105
3527
8043
814
5068
2590
2994
7324
235
9084
8557
7075
3537
3726
2524
4356
5651
6289
6366
3295
5954
6957
6957
9190
1521
9258
6866
9189
3271
7462
3960
3390
8089
814
6350
3849
6054
832
5820
6465
2323
3191
4512
5497
9909
7380
3446
7777
8402
1290
6522
4061
1888
3035
6131
3211
7867
7570
8753
9055
438
2010
8890
3318
4440
9965
127
1593
5787
1913
9049
530
6901
5324
9331
6596
6491
95
6632
8766
4101
3457
5209
1902
6045
1204
382
9597
6718
5185
3611
7532
2708
4324
9214
0
4003
6036
8531
561
5154
4686
6373
3149
1527
7340
1964
6402
8789
5156
3991
8856
9328
1702
8964
166
7858
6937
7793
1894
8180
5951
6844
9953
9429
9712
897
9658
8684
1272
158
2693
8845
9595
8302
7633
293
8999
3365
7645
2255
349
4653
5827
6992
5288
2269
2380
6380
6609
894
2031
3765
2113
8597
5881
6827
5932
9182
2258
3541
6008
1689
1063
7093
8436
1655
7379
1041
1
7716
8533
3022
8933
4941
1359
7195
2427
5718
1936
2068
8306
5404
3361
9279
5945
2638
8662
1759
7393
1588
8061
1975
1232
8327
5036
1073
2802
6976
8108
920
6218
8219
5741
4507
5058
8643
9601
5831
4586
9673
5195
272
1825
5665
20
4277
8297
5791
6419
221
5147
5427
6132
4249
1081
7991
5883
6019
2857
7620
5612
4906
9858
7619
4690
6370
2039
9624
942
7906
9367
2704
5569
4058
8765
9864
5983
5052
598
1573
7586
6527
6365
7236
6630
831
3229
6822
3557
4636
7724
4421
5203
2013
4661
7062
4348
9908
3932
2021
13
9449
1039
6781
4603
3697
6009
2336
6945
3533
8812
357
3915
1606
8912
4449
8897
9158
6739
2645
2263
3779
7351
5101
9491
9998
7179
7924
5891
8980
8505
7684
1690
486
2533
42
6052
8850
7620
7459
6339
8890
6920
4033
2868
5852
7872
6862
1282
5562
3734
4681
1725
1656
3132
5437
2870
6217
1113
1307
9885
8355
4871
4556
8202
3257
5902
9201
3213
3047
5531
7853
8665
2982
4653
5072
9701
1733
2522
8127
7466
2176
8551
5761
5340
8407
3188
8407
3838
7689
100
1684
6025
3059
1380
9865
6769
7221
2581
9439
934
4136
1868
6329
7438
9312
6568
6070
1847
3750
3448
3518
2112
9253
4882
3090
7724
6544
5344
8595
7701
8440
8606
9653
4045
2504
6143
8750
6041
4463
1270
8621
2871
904
5212
8637
4038
8907
6113
8655
2433
6464
9574
2637
7945
7260
4196
1772
8032
463
183
3420
1950
6536
7908
6290
530
7904
2051
4061
4670
3391
4059
415
8792
813
6506
8633
9429
9678
5585
165
3194
1062
2401
122
4123
4708
3952
3830
3287
6281
5751
3012
9906
9168
7842
8532
8626
5774
6246
7460
8101
489
9085
5322
523
4446
7561
9473
2233
6322
1029
4064
2018
7512
8744
5913
5706
3913
7494
6586
3109
2133
928
135
3586
3072
3927
7641
1071
7323
5250
5285
677
1494
35
8316
3745
5851
157
7647
7944
6003
8010
2777
9584
555
1919
7197
2568
7281
9000
8602
2908
7172
4920
598
1036
676
124
8325
1567
1825
3251
6538
8154
3920
6680
2257
6156
2665
9637
3855
4675
3321
5616
8937
8008
8941
709
9654
4963
5864
3511
2327
2708
8818
2581
111
8041
1280
771
3172
6650
8460
189
2175
706
4941
563
8868
9141
7325
6180
5055
6866
9168
6427
891
1085
8047
8128
8954
4871
5056
2235
894
5357
3074
342
3648
8907
2573
3445
8390
2402
9004
9235
8769
3980
1299
2104
6886
4552
2065
5111
863
6745
6815
8709
9173
4471
3130
7618
5250
3971
8156
2196
1210
6265
7327
9187
8835
5340
7505
7333
1136
7433
6852
3299
7152
902
2038
212
7997
6230
1211
3537
221
4764
2642
9968
3895
2118
3396
5823
3232
1631
8295
7935
8594
6516
6609
3306
7137
2924
343
5382
4204
426
9332
622
6194
8736
2626
9876
3589
1345
5057
1827
8623
6622
9609
1980
8318
6850
2210
3489
1824
9560
5513
898
7750
7811
3421
5480
202
2515
762
9950
6314
2351
3064
9858
957
147
2500
2015
9315
6798
9613
2885
5587
3071
9764
7241
686
6173
4285
7618
8921
9677
3897
7121
3243
5079
4375
9611
895
663
1046
9565
6066
5665
9191
7572
2406
3241
9913
7549
1067
8974
9730
1455
7561
3058
5049
9133
1230
9612
1614
8463
7222
5457
7166
6386
5043
9454
4417
307
5281
7816
3673
1990
3723
5009
185
443
5656
6708
4170
3367
3810
6655
4201
2212
2733
8269
3289
9681
7363
117
9290
7017
7742
5872
281
7282
1599
3211
1737
9147
6187
7951
5525
3416
8673
4730
8523
1334
7138
5015
4214
8378
4241
4599
1338
1788
1051
8512
3660
4985
2386
3705
7800
6316
5728
9822
7217
2317
5228
6087
3128
7714
2022
9444
3136
7978
3600
9299
3419
3504
8321
207
6483
8938
8757
2961
2592
3387
6522
2151
748
8072
7765
3837
8164
5460
8086
1904
2377
7907
3465
9216
6327
2148
6157
7910
4886
5885
7084
1233
9556
5597
46
2191
3849
3662
561
5065
9706
2872
2454
7179
6964
9124
1507
9141
3397
8381
6439
5999
626
6445
8361
7899
8151
4332
3294
9909
6663
9465
384
4415
5624
90
2630
4032
354
8756
7386
775
7311
3687
8539
2363
5492
5571
3406
2602
945
5237
9330
3441
9819
7807
2240
5126
978
2504
8661
6675
8989
1632
3135
5942
3645
8389
2173
6179
7506
6625
7360
5481
9946
4599
6716
2243
8644
1053
1007
5736
8313
4489
4075
8739
3350
2804
8313
9650
1578
8173
4353
2238
5562
9513
335
8918
8806
8176
9073
73
1976
781
5616
8456
738
1824
3209
1270
9012
2327
8924
3759
3254
4207
9433
3528
4289
4894
1805
1439
5483
7171
1610
119
808
7857
9148
2018
5712
9976
7937
5768
5720
1198
1439
9333
9352
9936
1688
8523
9120
7009
741
6352
7859
5133
9110
2160
9369
9902
7659
1236
8308
5344
6577
2747
6580
1819
1660
6710
6414
879
649
4105
4021
100
2537
3640
639
4058
5969
6613
1477
6086
3120
5452
6149
4041
8058
9368
5271
2747
8253
1620
2036
6556
6578
2225
2932
9814
1489
2556
9985
7040
7459
506
5708
7974
6904
1493
6021
4524
6591
9857
768
510
9263
8622
3759
7130
2522
2164
6561
5139
7677
4813
1769
758
9640
601
2944
8586
1306
1554
1584
400
4926
4292
4175
1224
4426
2002
1127
3070
3273
5187
3265
6297
7046
5158
9633
2522
2272
5632
5500
3676
8570
5967
6565
3203
9693
3837
3768
2087
6676
2779
1491
8428
6958
8690
1469
2174
7043
5955
5318
2897
836
4933
8686
1537
8016
825
1293
8012
4501
7147
6334
6697
9450
3034
7858
2514
5086
9400
8335
7610
4599
5676
4067
74
818
3566
726
3214
9608
5193
2998
1283
9120
6801
332
6741
421
9627
3431
576
8967
1986
4536
7271
3500
667
7048
3319
7096
8753
5631
786
4933
9176
2082
8553
3480
4592
4407
4716
675
8940
627
4826
2506
141
1038
8468
9237
9982
3936
8379
865
9206
3761
4729
9646
8514
9895
4598
7169
6645
1092
6239
624
8499
8127
4406
5102
7192
9669
4955
4699
8783
2481
9146
5564
4737
83
1257
4670
3812
7516
5421
8898
791
8871
2560
2814
7430
4517
5979
5349
507
3655
2371
6420
5827
9240
2800
8912
5150
5891
5905
9383
6844
2574
8049
9538
7685
1173
1201
222
8900
8398
8289
1666
9270
6229
2930
9850
1924
1750
7784
1946
9846
7388
7457
4192
721
9795
3834
5677
1018
5958
964
5773
9594
1641
515
187
1177
4228
5807
8787
4726
9134
8315
6322
1654
3431
6827
628
9535
8293
6878
955
5035
4543
2647
8073
8311
1995
5381
628
716
4284
9497
8697
8237
5250
2292
6745
5318
2379
6460
3089
4394
1359
5028
5790
9348
9922
7597
1105
576
1554
3866
3590
8498
9903
8797
7764
5232
8842
1682
9994
9540
8004
3426
8014
6864
8512
4865
3955
6504
5009
6835
1599
5854
2872
1581
5224
6732
3811
9280
6573
3733
5482
1462
7939
293
5841
4721
3167
668
4388
6968
5747
1009
6830
386
3390
6282
8759
8448
1171
3898
6112
6412
8089
5774
6367
2875
4639
3663
5001
6677
7913
8001
8321
6196
7457
4891
3352
3367
4976
8804
8624
9508
1374
7219
3220
9988
2776
72
5392
276
6036
9181
539
4176
4050
1045
2180
3053
5290
6354
9000
1813
921
1663
6658
2258
7656
4038
9618
1469
3126
9062
4956
8102
3996
6416
1388
4525
8623
4820
2831
829
6878
7585
9562
7622
6271
5641
2818
3242
1905
2768
8211
8966
8904
2800
1919
6373
6215
3067
7759
3536
2585
2296
9750
5898
4536
7748
1765
1501
6270
739
5355
1118
4282
2787
6062
6512
7097
1476
8475
2177
1124
536
8601
2896
3747
2385
1775
3778
7444
6533
1
9410
3107
7093
2236
8019
235
4556
2349
476
7774
9522
7089
7958
7530
9282
24
696
6266
9130
5469
731
5275
3016
4026
4185
3937
8467
7669
9248
2173
1744
5884
7888
4156
2946
1151
5881
4987
9362
7200
2632
9379
9150
1708
2855
9791
6808
8718
9770
5625
7182
1768
3876
4212
9700
8953
4219
8274
4497
1645
2784
4766
8310
2937
8190
4424
9315
2881
7258
2020
6902
1892
4683
5639
5269
2665
6478
6206
4080
983
4119
9429
3921
3893
1682
96
4545
375
8292
8441
7041
5191
9631
8563
1548
9436
4450
2926
9375
8827
4028
18
6856
6058
8811
4404
909
3424
3612
7198
8992
7803
4702
3973
6756
6793
3087
5944
8730
9212
8002
4898
7277
9283
8635
8332
8818
8294
4814
403
8905
2825
9714
6310
6915
1345
7122
8202
9158
9839
1221
8791
4640
8572
8520
3782
9047
5668
7655
6929
9508
1912
5239
4956
5193
3977
8128
6017
471
6421
4385
1336
7524
1785
6326
3858
6064
2540
6916
7170
8659
4284
110
6035
4907
8248
112
2212
8499
2504
6673
3232
2640
9966
5600
677
9376
2186
8552
316
8544
9336
9005
1919
3859
149
5894
9379
8951
7542
2955
5181
1282
9070
1365
1892
3450
9521
8815
7742
8057
2499
6500
7002
6413
5799
3793
9423
8892
7507
8270
4212
2018
2645
3660
7362
1652
3999
5229
7357
8757
2324
6434
2727
1840
3521
2457
7940
313
3832
6249
1063
3584
1766
8340
1554
6426
7145
9148
4402
173
2063
9043
5677
1585
1375
4475
5575
3248
670
8329
2039
6756
4563
7623
1654
6511
3534
7509
1526
4641
2135
8622
2787
3390
3366
7374
552
2336
4859
1010
4466
2340
5707
2490
548
8745
9148
3935
6790
3268
6049
8872
1693
2803
4253
4174
7679
4849
9389
2775
6501
9349
8515
8571
9437
8252
8514
323
8689
3264
8219
9900
8883
3864
1528
2570
2493
5291
1523
8583
4935
9820
2292
5287
7933
9753
7232
1102
5107
3166
9194
359
1080
9181
5657
691
6018
3967
214
8795
8109
3049
9881
2046
3964
3577
1274
3923
760
8990
8200
6416
5756
3005
2177
9588
6837
6572
2648
2186
6723
9095
5984
3756
3463
3584
2303
1421
2125
6959
5284
370
5818
5
1661
3827
7754
3577
2954
7709
3241
2929
7268
6163
5889
4398
3839
50
1746
18
806
8367
3052
7828
409
8086
7425
8272
6818
2285
8489
4076
4446
6392
6958
3855
4148
5706
2464
8823
6676
4121
5023
5881
258
2518
6185
4712
2387
319
2435
1198
8047
1692
8789
9636
3238
1184
403
9221
3164
9808
3597
6096
6897
4052
7711
7312
1729
3755
1490
7713
9130
4311
8439
3296
2073
1042
2238
5870
7194
9656
1716
3587
7641
1636
2259
2581
6173
5656
9609
4698
294
3826
9953
8887
6882
6146
7386
5303
8594
7918
726
1469
7557
7632
3634
8681
3099
1741
4226
428
2080
199
7326
6554
2263
2262
6681
9736
1827
5139
8196
2294
8316
2523
9042
5751
1746
8177
5745
3549
537
9347
5801
7752
790
6685
1551
6547
2855
7571
7635
2923
8471
5458
2475
1409
2964
752
7897
6418
162
9787
936
3017
5802
7947
4161
6816
5722
1746
6054
2653
9727
9219
3069
5552
7825
8174
1556
4310
4458
1400
9208
4073
3642
5370
6394
677
786
7169
8192
7434
7690
1271
8680
9606
5511
6023
766
1947
3348
8596
1454
8739
7103
4066
9801
3386
9093
2460
4753
6048
2217
3071
950
8657
9548
2017
341
4983
6015
4505
6606
9032
8113
8618
1498
1528
9822
4595
1011
9298
5199
8510
730
456
1758
7217
7051
1326
9177
304
5090
7447
8683
7808
4494
5096
5251
1753
3316
8465
9678
9102
7335
550
2587
200
9429
9321
6679
3926
5042
5434
4638
1198
1584
8825
3344
8725
7199
2915
8935
6857
5788
1865
5371
8280
492
4337
942
2287
9630
4437
8950
2891
1814
8855
6401
8387
3419
2403
2000
552
4196
148
4163
1429
8780
7910
7371
9113
3767
1241
1885
3550
436
2985
987
1547
4144
6204
1450
3601
6078
3043
3555
2920
2455
1398
9900
9100
3116
4877
1733
9186
585
2535
5566
1189
7173
9144
4730
7647
2180
8716
311
5302
5378
9915
412
4159
6212
7143
4850
8796
991
1047
7478
3575
4917
1100
5716
1709
3420
5044
2935
9843
1576
6026
2503
8773
2014
1108
2857
8395
3029
3022
5650
9205
4047
4799
800
7983
5550
120
5813
2281
4294
6242
2909
2822
7612
3909
9573
4825
4278
236
7613
7303
3800
6160
1270
1649
5681
688
1318
9924
6831
8951
167
9518
1094
3628
1548
8078
8803
9679
5933
1057
8353
5957
8692
5955
513
6391
7119
3753
6912
7309
1243
6576
7720
3121
9750
5650
2278
7649
3939
3911
4251
2319
3337
9471
6430
4034
4585
2830
4849
7286
2779
2950
4086
829
3967
2837
663
9751
9891
7600
5564
2665
603
2981
8926
2120
9511
1002
9435
9783
1246
4379
4386
3327
8682
2709
7228
6247
8167
3671
7871
1973
2268
1537
3347
6855
1808
7117
2109
4223
6795
3476
9947
5372
7432
7724
5915
3420
5832
8090
5428
7618
9812
9356
2192
6642
4209
8005
2134
2355
1810
8919
5620
1969
2536
402
3654
690
9248
5606
6924
5089
9682
266
1644
8201
5423
4078
199
4073
7620
6619
2267
5511
3281
1345
1097
7970
6070
1994
5813
1319
9665
8733
2554
7426
2537
3050
1889
7343
366
3995
3175
6440
4821
444
5953
8549
4487
4897
1906
95
3445
2211
920
3058
5578
9171
8769
2926
4093
4900
5376
5496
2725
8519
7046
5981
114
44
4900
7592
7221
4538
6743
7461
5001
6076
8942
7953
7471
7433
5470
3888
9077
6821
4707
2779
9852
387
4404
2470
3905
7669
9834
3257
2886
1572
5816
4576
9651
758
9401
4019
4465
3351
4906
3285
3990
5722
4609
9957
4514
4338
3970
2116
4710
530
916
1703
5384
6940
7094
7961
9462
389
649
4327
9760
3535
6169
3188
2440
8436
3910
7135
2237
5464
4842
8321
2651
8709
8583
3468
5001
5090
2673
9655
1917
2478
5629
7132
3318
7061
2727
2058
7217
8513
9292
8857
4745
5612
5642
3972
1371
7695
1252
3335
3099
2439
1167
3140
8469
7750
6266
8607
2535
9572
7096
3907
8453
5355
121
959
6921
4395
9056
2142
5612
5981
593
2490
3077
4456
8183
1919
7311
4677
5423
4055
6902
275
1152
5063
7959
6059
6653
280
5623
128
3480
6183
2352
508
7732
4842
2002
5162
9873
2290
8582
3674
8805
5459
8040
2192
7656
6598
4783
9230
7909
5576
5821
7387
6150
814
9787
5597
1230
4135
5564
937
6723
3157
8161
3937
8955
7767
9945
6557
7582
4009
7208
1336
3346
6303
593
943
2506
3397
9329
5387
118
9053
4106
1260
5678
9352
2363
4518
5579
7678
752
2612
7234
1527
3807
8945
5749
1398
981
2873
2121
2320
715
8499
4700
2778
606
8669
9319
9852
9476
7400
7943
122
8113
9196
4005
2013
5070
1805
119
5894
7252
6983
2106
8491
4249
8716
6377
8275
9990
2120
4851
9027
8877
8130
2477
2561
7064
7567
864
1109
7119
8638
7778
5716
1572
2757
5993
1128
1202
9688
4414
6766
2205
4499
1152
5075
5793
930
5560
4467
5819
2209
9880
7582
8675
1692
7583
4576
837
4427
3324
6788
6833
3083
8593
5885
919
2923
4349
5698
6921
9819
4180
3707
7110
1370
8658
1235
5379
2591
225
3411
2042
6099
1680
4727
5834
6136
9471
9719
1712
3142
1860
9804
8403
9165
4091
6637
8747
6319
285
5368
3363
6501
1198
6566
8905
6796
4820
9699
2514
3720
5967
5520
4527
3601
5429
8571
3789
8465
9635
1482
2642
7195
8720
58
9947
4877
2524
3846
584
3621
3569
6343
6899
1523
3529
2571
9196
3330
2782
1015
3582
7846
2880
9105
4181
5577
4281
3388
6457
8963
9110
1995
6085
2879
7446
8386
7909
2384
7852
5980
5369
9742
1211
3200
6867
284
2693
6621
5612
5845
9267
7946
6023
1391
4961
8157
1712
2245
1119
8275
1108
7342
1343
8631
8400
8489
7908
4012
4274
7739
5300
7974
3391
9681
8595
7630
9756
1889
3095
7181
2209
5735
5240
6906
735
5996
6443
3212
9060
9387
4813
3056
3526
2902
2627
8713
7249
5402
5691
2976
7126
3910
4775
7110
4295
3282
439
6389
5490
3512
9655
3266
9134
5646
8338
3585
2182
6158
3955
5910
8830
4608
4653
9843
4447
3981
76
7301
1206
3875
6142
651
2747
730
4348
4678
864
5723
1021
6692
9121
5149
6099
3672
9151
3013
7362
8009
6023
1432
4258
9755
1295
5006
3630
8696
1514
6423
52
9895
5452
2545
7961
1588
348
7918
1034
2683
3726
3268
9666
9851
4010
3179
5051
9524
7438
9050
6194
4394
7661
8230
6009
9261
5333
1218
552
6664
7147
7669
7124
9162
7454
1606
6036
3174
650
5295
1042
1942
567
2512
373
7405
8415
5937
2665
7108
6769
5524
7641
1413
9106
8023
342
9351
634
5344
9795
1246
2668
8161
2187
2670
5181
3037
7412
7421
2176
7916
1328
6888
9219
4411
5403
5291
8125
523
6382
8387
6865
7574
3735
3168
8818
6003
2796
963
3186
4577
639
5536
8208
8819
1202
1766
9204
9060
5662
7052
7551
3409
2067
4058
5767
8017
2089
2856
4632
4133
3453
4664
406
3157
7191
8903
5734
3495
6461
7762
5302
9480
6397
9863
2187
8874
8607
2499
9252
3412
7937
3450
6771
4646
8420
9746
3138
5664
131
9934
2715
9922
7402
687
7142
1291
6872
5068
5791
9493
9843
4118
7662
5469
4206
2220
8332
6310
1221
7418
6363
6236
3847
3962
2018
2783
6495
1942
3344
8173
7511
1578
9153
2822
5043
4259
8704
1656
2885
4492
8178
779
6432
4007
7241
9099
8714
3571
1285
6458
4479
1801
9194
2362
4995
7887
3412
9060
9354
6617
6283
3229
3329
7845
2237
7538
8651
9785
2901
259
296
9998
6362
3944
7252
1917
3717
3228
9066
2094
8813
7598
1036
4797
9269
651
8475
9935
1907
5138
5171
6713
4186
7543
2508
5027
2656
2524
2608
6733
1634
1613
7695
9991
1078
3342
4242
8494
9003
4300
2596
8155
2811
1333
5882
5615
6262
752
1124
7494
1138
3578
1437
5797
7658
7962
1830
5140
6724
7988
1501
48
8582
4569
4356
6965
3701
5339
8700
5536
4101
5702
8526
8758
77
6503
7092
5011
7790
9361
3759
8871
641
5302
1734
8191
6668
593
4106
8151
4889
5953
5420
2030
6153
5332
3917
5004
5848
8459
8156
5901
9008
4571
9880
3860
4980
1305
8366
7996
3126
3444
6018
1961
5550
3294
2377
2932
3871
7361
8483
8515
5898
8530
8440
3419
6179
3921
8518
1098
4353
4399
2146
5329
8567
1313
5120
7269
9388
1508
5120
5689
8863
4367
5174
7189
2089
2885
8200
76
543
9587
7796
535
1989
5027
6012
2282
6152
7832
8764
2286
1112
3458
9842
5704
6567
8254
7233
2236
654
9260
9485
8108
7288
6690
6929
8183
5341
3129
7024
9467
6644
296
5507
3909
1056
2950
5786
7197
6144
8616
7106
7423
9697
6088
7308
5900
1532
6463
7260
2412
8286
5262
6154
9576
301
3281
1174
580
3545
5590
5817
9175
4276
196
4121
2075
799
8878
3934
6838
976
4786
8380
7746
1216
3686
9918
4755
1752
8491
983
4500
2046
3825
309
5651
5056
6148
1902
7956
4848
5617
8203
5312
5772
2173
3931
1003
2662
1288
4751
5938
622
1661
2724
1265
7662
376
278
5365
2940
2196
5477
6526
9553
3558
5558
2065
8972
8340
3330
55
3824
751
9352
6289
8868
5371
5605
1907
2446
1053
758
5353
2814
7478
7067
8457
4323
9664
5593
4797
1547
9031
9032
8479
7996
7056
715
1781
1397
3986
8902
3546
6234
3622
2480
6032
5936
8986
1996
4066
1691
6687
3602
5055
7967
7613
6474
1324
9877
6927
5141
2370
4774
5261
9096
6630
4314
2832
6558
330
2425
939
3037
1093
7808
9301
9830
6440
1275
7453
1240
9362
1806
5833
2737
1907
6774
1784
1469
6455
8424
7220
9408
3670
3533
7471
2001
4041
1550
3090
679
6908
9667
6580
4703
3158
4837
3981
3487
7842
3764
1627
1337
2941
3755
7863
9362
6946
8563
2123
9453
6941
1503
9901
999
8232
1938
5340
1798
2006
1391
3600
1780
2846
6205
7960
2784
5102
8578
3890
6045
2200
4647
4536
8906
3179
4888
1631
7446
6063
3203
4846
2729
9852
9301
4178
6072
8989
3399
3011
8032
1564
8262
6031
5032
427
7301
7204
6641
948
5618
5752
2752
9251
4983
6133
4758
1490
8884
4912
9328
6046
8476
238
431
170
6126
3158
4827
1189
9147
58
1937
4902
769
590
642
2255
6542
2216
2586
6924
1442
5434
5835
8058
8197
498
6763
991
5221
9159
1679
4757
1259
1878
2193
3189
5884
6242
3524
3226
3913
9454
9714
7710
1046
5433
4758
1799
9103
845
9362
7614
4175
1509
4581
7917
9250
6297
9069
7426
8427
263
8018
4826
3304
2797
1159
5014
4851
703
3840
160
5645
1842
2702
6339
6827
8921
4109
2151
2919
6900
4653
4995
3602
1782
1837
406
7349
1521
7438
9711
1138
6351
678
6456
833
1382
3880
4076
6784
8437
3781
2929
2327
271
63
8113
1631
7335
3110
9328
5085
4794
7053
8760
9135
6283
1976
8953
5985
5464
6836
1817
9554
4157
4547
6914
5005
2785
3919
4729
111
8926
1035
9534
4043
1850
8580
3325
1595
3790
5516
3305
5560
8071
2908
1359
9245
3716
5676
1774
1588
8987
6284
8704
2712
5429
7564
8186
2121
8415
3575
2714
6999
4573
220
6456
8872
311
9711
3485
6744
2781
1125
8988
7053
49
827
3424
7713
2185
7204
5936
572
3488
6112
1275
7301
1114
4281
4255
1492
1713
2779
929
3693
6801
8215
9454
6369
8505
9225
9936
7460
5301
8180
7133
9350
861
5131
7194
9654
1730
9512
1210
525
2560
288
1772
3164
7897
7829
6822
6498
5456
6485
3269
5726
4681
9392
8169
9271
250
9975
4237
956
7535
4348
2632
1948
2115
7834
5669
7497
9356
4310
8868
9426
152
5755
9829
2526
2320
6410
6174
1759
1564
9021
8862
702
5959
48
1040
8410
2439
7525
1002
8671
9915
6450
7183
6512
3946
7513
2509
52
2814
5261
6189
3741
4837
3750
7458
920
6604
9631
7727
7029
5608
300
9986
8366
733
8679
352
4850
9198
357
5546
8633
6850
7107
5707
433
3664
9571
1286
6726
7495
2711
9703
3103
832
7926
9647
6628
6847
7629
1046
1425
2599
1199
9087
7896
5335
203
139
7501
3540
4244
1166
5019
2093
3318
505
4961
8831
5124
7124
3104
5015
7375
6527
9486
7583
1516
7774
7438
2246
1463
291
4653
9091
2980
8500
8377
9698
7949
3493
5318
434
6643
5173
464
6443
5982
4053
9096
6875
1044
7488
7358
3902
4312
3124
1143
9184
4488
6819
5559
2661
8056
4999
3619
4168
3981
763
4351
8615
3035
5041
4075
7162
2512
2262
7271
6544
6688
2809
1989
3540
2292
8077
8694
3393
2000
6468
8423
8693
8323
6326
2662
7147
5495
568
9286
7426
705
1776
1647
5508
8176
4289
3049
5797
5778
6757
5254
8607
6590
9139
1641
3002
3767
3018
4371
4148
2279
7155
7987
4804
2557
3629
2049
8996
8335
9706
8486
6730
9797
8854
29
6835
6674
3357
8274
1351
1897
7020
4806
184
8944
6108
3290
822
2848
4540
2974
1202
6573
9229
53
6111
1188
9536
7176
9969
343
6074
4955
7462
2795
4841
474
3474
4497
1923
748
3644
9762
9769
1702
575
4558
4937
9027
2361
9742
380
738
6509
3157
8721
7258
7405
9034
5947
6033
8164
4231
4673
2896
4460
8023
5658
4213
3326
6638
1469
2595
2224
3930
2870
409
1709
2339
8138
7211
262
3811
786
2042
2815
9611
7664
5691
7759
916
7070
7173
435
3607
534
6212
7963
2145
5564
1579
7576
8254
5874
9107
9957
6921
6177
9971
1033
6210
5478
4803
4783
8840
1505
4743
8725
7127
6288
2650
8621
3389
537
520
6860
6648
2108
2975
2272
8665
386
8106
3431
6228
6568
2283
7450
4324
8390
7015
6209
3168
998
1603
7840
4428
7382
8083
7036
2412
15
6226
1777
8169
4101
9195
5666
8789
334
7175
5493
9786
4299
7905
274
6322
5837
9231
4250
7856
9672
9847
1413
7789
1986
4966
4115
9306
3459
4496
2102
2876
4593
5776
3558
5488
9253
8947
395
3219
8362
7430
591
7070
4272
6355
8656
8654
8010
2361
6331
7734
2611
2343
7966
5003
3565
9480
2872
2140
3274
9274
6404
2180
2372
7616
1562
7279
9896
3586
9608
4036
9893
4900
2788
6883
144
8845
5072
1253
8427
2003
83
5440
2357
8860
7965
616
6979
2173
6172
6872
5536
8598
298
9667
8933
7072
9199
9489
6678
5184
6267
9587
7970
2863
7052
6204
3938
1443
1147
7868
6217
8448
7071
8282
5100
6381
9009
3922
764
4763
7853
9159
2401
1032
4889
1460
1771
5379
2189
1773
9616
9449
9215
5694
2129
8939
6969
7802
8755
9410
9311
1344
9127
6713
1283
9701
8813
1584
680
5495
7036
2687
380
6785
3138
2201
8697
8682
6084
2139
494
3643
3858
5862
627
9205
1958
4017
1134
1133
6850
5750
641
4074
1555
8555
1356
6243
3836
1674
1349
233
3706
673
6480
8620
9971
3058
9160
1107
697
387
1742
1420
9409
2807
6775
5008
7169
3062
7314
459
7649
2810
9382
1483
3324
7707
4337
1651
8076
8625
714
8805
6709
2031
5274
4172
612
3403
3401
959
8800
2400
8953
6713
1426
3584
7830
6307
1394
488
2985
5510
7934
6930
6121
2833
6514
3804
5173
230
5523
6513
2786
4141
9376
5886
8103
6161
9849
6212
1523
1365
4229
7552
6776
6211
4033
1589
2008
1527
3601
1126
4840
3050
6591
5314
9709
6682
6356
1076
1279
6506
9925
626
1233
6366
1261
2714
7841
3888
1138
457
1456
1994
1713
5007
5893
3333
4727
1565
3469
3794
6102
7597
4201
1156
832
6794
2628
5866
1181
5315
6270
1548
155
1603
8629
7012
5607
7941
5140
3519
7870
4479
6950
7782
5553
2639
3127
4111
4482
8097
4119
3018
6838
3170
9877
7823
1620
7024
3740
2763
9808
2449
277
5598
7889
4121
1087
6486
1065
6235
6891
5786
5054
965
7203
6431
4981
6385
7346
6717
48
6039
924
3223
128
5486
2093
9653
2451
5221
252
2539
2244
4937
4978
9295
4080
6850
2596
6111
3498
5313
6027
637
7960
2128
1206
7411
3904
4359
87
1548
8416
3104
8483
919
8765
1868
1907
8278
6110
7951
3297
4771
2693
9808
7606
4675
7457
7539
2550
6658
5417
5305
8280
8309
2966
8987
9502
4
7129
3554
3187
6877
9744
2509
487
6458
3779
8426
4078
1406
7590
6517
2916
2451
3050
4062
6618
7094
7071
9721
1032
9467
8941
425
941
9124
5261
5856
6625
4651
939
7546
3889
1256
2087
5913
8819
9146
2825
3245
2876
341
8790
1437
1326
8301
5345
9936
7601
2202
7878
2431
1426
4001
7668
3163
8638
8244
3246
8498
2517
9698
7982
8556
9019
8593
3786
4028
594
439
9017
348
4151
7461
3644
6066
5392
536
7704
4922
4207
3524
7481
1117
9685
4596
9028
6359
5248
278
7744
5839
6565
5690
5031
8634
8353
5529
4967
943
2643
2484
7609
6612
1188
9725
9794
7910
3749
951
8604
1027
9485
4037
7493
6682
913
3985
3246
1497
5129
9378
1355
5000
8108
2592
7894
3195
49
7959
1788
319
4188
2226
3688
2196
4577
9100
409
2028
4620
2958
9958
7343
5935
4198
7520
8676
8352
1283
59
6210
4306
1721
1795
2549
1964
1346
3306
7385
3754
2810
6784
3245
5815
2089
533
2416
4423
7474
9792
8111
9173
5314
2330
6311
5215
4562
1575
4311
3387
5479
6228
720
882
4855
1678
2493
5127
1073
803
2980
36
3652
2498
8779
2625
8549
2685
3524
7358
3097
2928
4362
788
3451
9226
892
3413
1829
4432
1087
646
8789
1212
2249
9391
7548
1848
9262
5742
2561
9373
2911
8672
955
7945
9886
8006
4493
6687
9729
3920
8603
4945
5950
3409
8735
2720
2437
7902
3301
2876
9811
809
4330
6334
287
7875
986
3299
8287
3597
7735
7062
6998
5724
4878
6873
6445
3792
4571
1509
3154
3904
4457
6730
9233
4351
3741
6769
8486
48
9634
545
1457
9111
4115
7901
918
6938
1090
311
3002
8530
6879
6672
9625
656
3040
514
4791
1126
6894
6896
856
5294
1450
9618
2258
6772
7483
3887
9854
8599
6541
4443
1911
7410
1360
3829
706
492
1521
4961
8593
1960
9621
318
7873
8900
7394
8362
7551
5587
5009
7720
9797
8669
8540
9216
6986
3093
6603
7145
7100
5170
7166
8074
3063
9832
3427
4993
8684
1887
5123
9698
6599
9774
3744
6410
3312
8932
2343
8226
8429
2262
1237
968
370
2728
5431
9161
334
1971
8612
9056
9146
5856
1731
1242
3984
6764
5301
1513
3247
2836
3520
5810
5989
6669
3723
3630
975
9542
1988
5988
9047
1347
3215
4547
1799
2738
8120
8463
2127
2457
6940
6772
3503
6568
9594
565
2899
2297
185
4255
2126
4319
8896
6220
1991
1013
3685
5618
525
6551
6400
7733
6374
6429
677
4242
9875
803
3903
5354
3638
6054
2525
4888
1280
4364
770
4273
4943
139
2144
7858
3993
2082
4233
5225
8822
3934
5976
3437
4802
9525
4095
9050
7642
3512
892
1609
2446
6709
8940
2704
941
6713
7218
1901
1213
7283
7383
8637
6809
5029
9625
3261
2312
2888
6224
2581
8539
8217
8835
5764
9039
1827
6215
373
888
7870
6181
8927
8581
9045
232
6551
4136
9995
7334
2722
4829
2835
1422
7224
5435
174
685
217
3532
1625
9372
6957
490
5194
5754
8276
3508
5295
2444
9558
2885
2421
5118
6110
4159
7852
4555
4604
6765
5345
3215
4793
8996
1130
3091
40
1464
2921
6097
502
7478
8194
6038
4112
6230
152
7075
1523
8014
9714
4419
3566
8052
2788
9457
7838
2101
4266
6713
6330
1579
7840
2295
4318
3073
7802
3056
4983
7383
1205
9707
1195
8968
5430
9541
8556
1455
3600
1954
5688
8196
646
1927
4689
3580
8211
6135
8751
5586
9432
3150
7657
4616
6288
8339
1866
4441
6823
6898
9513
222
2994
7276
357
7560
6234
6704
8955
9044
7518
1507
4757
1835
3519
592
6793
9512
5738
4427
2935
6751
8444
730
2650
9487
3980
580
2000
3943
8637
4032
8854
5559
1226
357
1930
3839
1145
320
1696
4964
2613
981
5270
9192
3081
3272
4486
3223
4524
2358
4011
8267
3374
114
2851
6085
7677
7513
635
5185
7759
8518
5703
491
6200
2085
978
6376
8301
4800
8115
5364
2748
1497
5525
2886
8568
7231
1738
3318
5382
584
308
3684
2553
2433
8219
2659
5229
4298
2941
5790
8018
4190
2322
9716
3368
4390
1153
4767
2241
1654
2905
6641
116
9590
4926
2665
6058
1240
1910
7413
8460
4814
6700
8935
8215
4803
5179
3539
3583
1179
2313
371
4452
9362
887
8877
7437
3635
6465
5059
1497
4612
4373
358
8810
1073
7267
2965
1267
5740
5368
8697
3959
9511
3269
6843
3665
8109
8162
787
8873
1646
5033
4454
3005
7206
6380
5121
2730
8766
4118
2176
9861
1712
2895
3386
8117
6730
5734
1353
2777
7588
8169
3830
5034
3061
7570
4876
1187
1028
3368
7367
9289
8809
53
8354
9958
1613
6215
4119
4797
833
3804
6358
3102
4033
740
6950
1901
1065
7243
3604
7463
3439
4404
6735
9672
2632
7940
6404
9210
3789
3291
4413
9402
6768
5567
9539
4354
7782
6315
3399
2440
4105
3875
2665
8977
3173
9593
4986
1711
2502
1721
8425
6562
8115
3461
9657
1466
1347
8696
2640
351
5517
1424
5650
5944
8260
5114
5105
7276
6291
3008
284
4930
81
24
3524
8909
7653
9573
3429
4443
2235
5535
4669
4404
6762
616
3533
2591
2644
2189
3386
3446
7335
6525
6236
2959
1169
1993
4030
2180
1816
9200
8103
4862
1170
7816
3144
3875
9568
602
172
5498
4023
4249
689
7920
4635
9143
3919
9062
9252
9460
5513
4112
5431
4078
2331
2528
3142
5552
6054
1878
2987
5393
3620
2707
6913
414
7833
8027
2871
341
44
7437
9094
101
9149
4094
4531
5088
7944
9063
4240
5531
9796
5877
679
7876
7664
7194
8485
6943
1250
6732
8884
9382
7704
4352
4690
8555
7077
8347
3507
9857
5371
2649
5906
4779
7043
9400
1118
3785
1703
2765
6878
3711
1180
7803
7294
8329
7879
1122
7285
7062
484
2012
5876
1528
6996
3366
4195
8049
4867
2024
5820
1808
2838
6980
9530
3412
5027
8803
4172
3595
5144
6021
4417
8833
4903
804
2368
9784
2238
2958
7175
8496
8818
4105
2276
7683
3893
6925
6783
8550
4810
3202
8305
1107
2169
5340
5383
8503
542
797
4895
5086
9412
6317
1973
4017
9826
8849
9710
4198
4390
8094
4208
9171
816
3153
3689
4491
9467
9518
6876
9483
2268
5641
458
5625
2908
2064
9073
2578
4105
820
468
593
7619
3278
7572
8845
2215
3155
2689
1235
3757
2355
1619
4792
3996
7572
6550
1340
3277
9203
1986
7929
7964
7603
2418
3502
965
8175
2790
6634
1804
4568
5021
9205
1272
9306
3569
7748
9806
6517
1892
6390
3921
322
3119
3043
9848
1307
4242
8554
6586
9673
8694
6403
2214
6984
9120
69
9243
8990
375
420
3095
8581
1049
3666
1949
504
1470
2919
5739
4248
4122
4706
8428
3254
5668
3319
2165
7908
8625
5194
705
7874
4378
5220
6517
5202
451
9637
6740
3420
1903
9492
8333
8578
3225
5081
3893
4979
1460
1378
9618
6434
144
5102
2225
8652
3757
3648
5868
3534
9875
3025
24
481
1013
7292
88
6403
9167
396
8749
7282
8581
7
2058
9959
6724
454
4651
7307
637
8743
7974
4134
9485
9892
4089
4717
883
8750
1617
4308
4960
3228
3853
2488
7350
4485
2697
1201
9898
3961
9324
8580
9260
6928
5615
3353
8791
4629
4190
965
4320
5332
7910
2644
315
1686
7803
9726
6036
1557
6571
1451
8874
6552
7672
676
1399
6974
2638
8936
3614
293
4681
1415
3257
1217
1506
823
1726
412
7404
6717
7975
4916
5564
7073
5328
4593
1826
883
3811
8478
8193
6246
3307
3630
6392
3118
8113
162
5568
6576
4285
9383
4102
3849
6312
5882
259
5722
8093
1935
3500
6219
4669
7193
8666
3984
4414
8737
8723
1264
6783
8269
2287
2873
6748
5003
7964
7433
6328
6380
3279
37
4881
2564
5647
3178
7858
3377
2307
732
7931
5538
3386
9102
1870
229
4363
2194
1320
9084
920
3446
3606
9393
3365
860
8116
2598
7460
9707
5077
1402
961
6082
309
6467
3494
6125
4723
9837
5224
7946
3437
4321
2403
2823
2061
5574
8500
4910
4002
6950
1006
7786
5621
247
4281
7620
4855
4001
7051
6820
5685
615
4462
1692
1811
7284
4849
88
7145
8206
9554
384
1765
5926
5796
7896
8850
573
4008
755
231
5281
1822
642
2567
5752
5635
9802
5139
5016
9358
3451
8866
7061
8287
2574
8278
3144
220
5133
2050
5862
2344
3926
1351
2255
9526
7853
4645
7713
4542
6839
3774
4439
8407
9913
4286
8279
2441
9231
2104
7238
2444
3854
3581
7518
8088
2620
8700
3998
4645
5559
3701
6084
4077
9696
1646
8052
5601
8605
8072
1378
3651
8047
2785
510
311
3103
3102
8207
716
3261
6027
7343
461
3405
9977
9635
3912
5654
6602
8665
6759
8564
2735
2628
3941
9569
1642
1815
7693
2381
1112
4449
9048
1836
4357
1001
8633
8632
2894
2156
2232
686
8943
6511
1691
6196
136
1419
1330
2461
3821
7277
1855
8467
7905
7021
2645
7304
3167
5512
1614
1017
1124
9329
8583
4507
6939
5885
3297
9089
5191
7464
9855
2302
4357
7550
3294
471
2460
3465
3579
6431
4925
4545
515
1627
7671
9379
1693
8391
5084
630
8710
8807
6307
9783
3276
2754
6258
970
7140
8622
945
716
657
1199
4029
1217
3801
304
6665
4470
2965
8559
8959
6704
2158
2857
6805
5170
2013
7443
8846
3555
3536
6112
8247
3429
1134
5455
2967
5203
2105
7570
7853
3152
7255
5040
7950
3572
9945
9364
1953
4682
2013
7436
5923
7999
2163
7209
636
1496
6605
3474
488
2830
3260
2295
3706
6350
8007
8387
5131
305
211
7613
6046
9871
4749
1361
1199
4438
7022
6121
9010
9986
6575
7328
2403
8029
4166
9020
8636
496
3246
9707
7414
7609
3785
3539
2949
5074
5688
1944
6117
6089
9325
9693
6353
2987
9100
6974
8472
4804
8664
1522
2806
2066
9221
432
3145
747
5153
4984
8673
3097
353
7149
7193
1997
7013
740
9823
722
724
7415
25
9842
2417
2651
8441
3413
8349
964
6279
4560
7843
8965
4960
2753
3964
2265
6981
5744
277
9302
6682
2663
2889
1976
9034
1840
5040
9527
3016
5548
978
1371
5586
3970
7572
8841
206
8469
7405
7798
8219
9596
1783
7950
7590
6324
1936
9824
4360
9395
7431
770
545
3683
3960
5011
7911
3200
9526
5110
5339
9088
9553
6306
2578
1400
1968
5447
8516
3163
1304
6209
6326
3194
7752
7644
1646
5983
5660
1083
721
5117
2944
2191
952
8492
3564
3327
7372
5878
8956
9702
7120
5435
6222
366
6448
8606
1053
8358
2424
1286
9877
3216
1633
2623
161
906
6073
4748
3105
9898
4246
8652
1294
4545
8904
9706
7244
1054
8375
5105
1668
3940
7052
3780
3598
8734
9260
8103
7635
2664
3536
3244
3607
7632
2484
8004
6520
7946
5647
6636
5259
259
7927
5861
3493
4769
5508
9537
4366
3078
4212
6510
4103
9959
2415
3319
8695
2673
6872
4314
7742
2116
3066
6698
4683
6383
65
9937
6337
1802
1763
899
3962
5238
536
1786
13
2474
1211
9079
3527
8337
4574
9727
3886
4982
8086
2871
7026
2350
7480
2365
6908
4721
1345
9880
5909
7264
7852
3806
5627
5631
317
2296
1178
7359
6792
6510
5925
747
4541
6670
6590
9876
1722
9069
815
9749
7000
4140
9062
124
252
5602
9885
906
1540
7545
6879
3479
4722
8714
926
2688
470
5151
4379
7626
8041
2188
3675
6241
9831
8900
7325
855
9774
9665
9214
5995
2358
2530
3904
4257
4716
1741
6199
1423
8819
4494
341
4048
225
2328
4488
9880
7295
4671
9530
2173
1494
9115
5122
670
1615
1841
2833
4212
7152
3894
1213
1055
8488
2554
2263
1949
5515
5666
5582
135
4102
4181
9132
6500
1392
99
4091
6487
9487
3324
4378
4609
8304
3066
7697
4110
2976
1928
3401
1906
2390
3108
2982
8838
6149
1003
6319
7416
8590
4730
8609
9428
2369
4942
8264
9601
7113
3173
9073
2052
7071
1850
8040
6015
8544
3876
1951
3206
2460
972
5385
3332
8791
4090
9932
1454
9504
6124
1765
8259
9465
7589
7897
998
3218
723
862
3535
6045
2150
8483
6453
8880
2917
6109
6061
6730
9998
7567
4708
85
6996
5261
981
7307
4556
5461
5661
7968
1736
1325
6411
8264
1882
4613
5885
9931
1098
8592
1159
8389
2434
2257
5967
9133
7345
8240
9760
3468
6395
4425
6024
3793
2223
5396
2727
9100
2658
4403
8922
7643
3794
9953
7573
2603
245
4119
8151
1024
5519
7105
7948
2702
9368
2012
4308
5323
9054
1221
2284
2624
7208
1010
9517
6043
4169
8641
3899
2310
6385
3694
4093
2134
2426
6813
9296
5182
7619
187
8554
7285
6533
1874
5752
8986
3951
7189
875
6263
1562
4899
3926
854
8918
7521
1294
4947
1403
7277
537
6759
6492
6058
5747
5964
2814
5042
7317
3753
6594
847
5599
3714
6172
7744
5300
8478
347
6355
1896
4978
4980
7258
7776
7884
5171
7669
5445
6175
3452
2193
5013
7720
2639
8732
2233
4311
2514
25
5488
5918
4971
3226
5922
6574
3222
6764
280
2088
2285
240
8156
755
4467
1675
4110
6516
9575
1403
6384
2996
8428
2333
3983
7408
1393
5273
6061
4756
9780
3120
9175
243
2778
4748
1525
5144
7497
499
2796
2057
2903
5983
910
562
2547
9809
4253
9264
8421
950
6388
7811
4947
5325
1342
2259
495
1744
8862
286
1426
5440
2172
4970
2146
3492
6793
3549
1465
7323
41
8270
9861
5519
1484
5972
5299
3040
9775
8938
9075
7299
7844
4456
8068
3242
6070
9287
5270
430
9090
5638
5231
3087
8362
6893
7328
667
6232
686
3851
1074
1319
3693
341
9778
7144
431
9075
8980
2759
740
8198
7848
8279
5261
8979
3440
4634
9445
2823
7093
2567
3958
1481
6731
1192
2584
3800
9695
4404
1046
988
2284
3863
64
2761
2224
227
9253
5799
6798
1208
4762
9449
4319
7922
1999
6655
956
5354
1901
4556
6521
3599
3082
3002
7392
1051
1384
3110
3797
4456
3336
2516
5188
7605
4100
6645
5083
8854
5496
8204
2816
514
3848
4783
9513
6703
947
3464
5821
7472
149
7132
922
5295
4214
7877
5546
6311
2854
1126
3402
3722
8716
8697
2467
4081
1854
4334
1506
3622
9407
8053
1343
7157
9414
3350
47
9300
4454
8971
7284
6735
4331
7855
3795
4231
2402
9798
3199
8880
871
9630
2765
3959
2658
1508
5443
6514
4201
6258
9575
2081
4424
5058
9973
3723
7642
5691
4449
2146
1158
5329
3780
1251
1326
4384
1414
1947
8334
9805
5228
1258
569
5643
3945
4389
2524
4501
4081
85
6082
8805
3203
855
8356
2024
5154
4388
8812
4508
3509
5600
5515
3016
8833
3662
1662
4058
3021
8163
3677
9129
6240
6704
986
4484
7660
7952
2473
7542
9344
4968
3215
5446
5145
839
2475
2610
6428
5448
6765
4526
3167
4833
4717
5036
9339
2366
7687
3419
8151
1515
7923
545
5512
1500
4878
142
7528
1570
4410
7835
3212
4518
1198
2340
7740
2807
7146
8201
5506
67
3342
59
6246
3251
5289
3716
7517
5773
6210
2429
4764
6169
3482
7262
6938
7926
9124
6495
4017
7586
4327
8583
9919
9319
1728
3929
9107
3123
5604
5284
8124
6534
4481
7233
3032
3358
1646
6596
178
4601
6557
4188
116
73
3976
2572
3764
6891
3677
5005
3213
4511
316
2196
403
4618
329
405
5718
4065
6971
5638
8593
6816
5214
989
9045
2630
2627
4661
6950
8857
9421
582
3652
7333
200
385
6203
9858
2505
5894
7491
1407
3853
4937
3080
55
6234
3470
9883
4299
8267
3395
2763
6154
7749
589
757
232
6147
623
4493
1886
3472
6161
5928
1666
140
9889
2083
3350
6251
4099
4613
8876
763
8597
6705
3127
2630
1695
6104
5656
9479
8168
2840
6623
6532
6339
7028
3073
4437
3192
3203
6247
8998
6776
3473
2094
7414
6701
6320
6119
7559
949
5995
4902
9227
8577
2545
7288
1647
7608
757
1125
1712
8054
3723
275
8464
2806
7198
5646
9045
6202
6514
5138
9049
5894
9003
2220
6940
3775
7710
5198
3518
1588
7644
1989
8531
572
964
9873
5906
1766
5915
8014
685
9649
5063
927
8119
5299
1154
8665
7653
5624
1405
5400
2769
6510
3874
2706
9880
9359
7846
7033
3428
8786
1033
5174
9163
1427
2968
4873
1094
4848
347
9309
3202
8374
3486
1151
8816
8703
1743
913
9785
1183
910
6592
6080
8748
5701
1171
4618
7893
2779
1406
8129
1803
9930
2991
7398
4706
4664
2867
3736
4052
9720
9723
5041
3736
723
7225
740
1597
5279
4032
4796
7549
2463
8938
2400
8665
6505
7829
5559
7955
9140
585
7058
7392
3271
4881
6842
5086
3364
135
6250
8432
435
5277
335
69
282
3234
7394
344
61
3371
4033
708
4262
7450
1661
5716
6611
2673
7007
9072
9187
5188
4278
3662
4613
1135
290
935
8497
4939
5375
3303
2658
1934
4291
1423
9060
1523
2307
1201
4086
8867
9330
4553
7112
4137
9855
6222
1089
4034
8224
7039
1004
659
9596
7289
3373
4144
9055
375
9502
8277
6117
5666
4029
2974
7238
8054
3153
2516
6451
6844
3176
4267
41
4844
6724
212
9497
9941
4299
8170
6819
8685
43
2649
7622
3114
2816
1163
5187
7830
1830
7093
1289
4376
8364
8152
5357
3898
5303
2342
6704
3792
2103
3630
5284
2996
1604
7273
1598
3132
4838
6686
8573
8477
8751
3034
8501
6933
651
73
9079
2992
6122
2442
7191
9329
3372
8716
1736
3063
3599
8775
7924
8387
2266
1159
811
2640
7752
912
1471
8936
7823
5561
6589
8778
2848
3012
6494
650
9376
5753
6682
9807
8539
9832
5086
8618
9918
7322
6341
4006
4944
9880
5108
5304
3972
1455
9685
9403
3066
8435
3048
9315
9216
5705
1772
8834
1976
742
1380
8565
7657
1429
3380
5158
1467
1163
4092
9622
1235
286
8297
5934
668
6674
7221
1042
612
9944
7562
2404
2666
525
7496
2181
9568
8140
8665
1842
9901
2258
9475
3764
1382
4573
1945
9606
3077
4831
2505
578
4387
1671
7001
2011
9236
9881
2764
354
2913
3718
66
1698
4370
9852
92
9333
8176
2558
2613
3027
8616
9416
3714
5476
4618
2495
2380
1437
7050
4653
2319
2879
7055
9059
4558
8969
3192
7539
5955
4142
5371
8622
8926
1866
3005
3434
2969
4980
1623
4314
6712
8126
3775
969
9110
2084
8941
5988
6348
2732
7646
9743
3143
1202
6074
7882
8520
4403
4065
6874
9191
5537
9484
6424
9750
2514
3382
7437
3461
1334
2248
2553
8102
3807
2736
3251
2046
7392
4028
3349
9337
5469
8686
7619
3652
8146
1204
8824
7045
9951
658
2345
9534
2574
4792
2242
7355
5894
241
1876
5659
4520
7574
9036
8053
4905
3691
4847
9103
1572
5953
3515
2086
1472
508
3752
2598
3021
3552
7486
6774
2519
8979
4996
8114
6488
3128
7286
7070
3808
8081
352
6607
9102
1259
9196
5428
2278
7044
7025
7776
7843
2593
3507
3213
8315
428
1518
1912
5498
568
8991
9188
6999
1295
6594
130
4933
5225
1830
8391
2025
9557
5065
107
8985
6405
3997
8346
8213
4792
5585
9578
2043
6313
6889
6657
8384
8079
478
1175
1053
4662
302
953
9915
9733
9238
1131
6640
7926
7600
7829
4883
4462
1857
4033
464
5989
9290
401
5249
9830
8585
7449
5621
5044
5343
6458
1380
7487
9541
6183
8095
6504
7661
4395
9576
1579
9163
6775
6784
8160
2421
9262
7837
2700
4127
1821
701
2203
2681
8441
5722
2502
3907
1920
5428
220
2164
767
9508
3879
410
7102
3913
4914
449
9116
9441
5824
7911
102
9142
3942
3487
6469
9716
8899
8518
3119
2440
5850
2245
7533
4992
914
9323
1437
1585
9170
8960
9078
8904
7693
5828
1459
116
4908
4464
4805
7477
4020
890
2383
4620
571
2163
8657
5925
2542
9771
2381
706
273
7887
3614
8902
7836
2411
2143
7595
5524
6117
6244
1061
8404
1715
1541
3500
1447
2860
3388
4647
8099
9554
5995
4812
7514
5196
3403
7369
4673
3797
3381
8406
730
1943
735
1239
8440
8197
6154
4302
3098
4001
867
9676
7082
5696
7066
5711
1002
3980
96
630
9015
535
6532
5754
5097
4834
3658
3469
1898
3810
9083
3250
5867
1876
6366
7685
1527
9227
5578
4312
2480
2976
3672
6995
2971
2214
2605
7544
9448
7354
6323
2123
9171
6786
2107
5658
3200
5599
511
3402
3830
5331
7570
2671
7796
8570
817
4392
1074
3710
3017
3125
7853
2234
5936
6731
5703
7619
6384
5837
7910
5491
7745
9829
2580
4227
6682
7208
7892
6733
1011
7984
6177
9720
1394
2089
4401
2998
8749
9594
1340
4530
2151
6214
4631
3764
7807
633
3786
7605
3039
3878
8650
2669
2671
2894
8803
1926
393
513
6025
1111
4034
5729
9077
1774
4934
2968
5555
6745
1901
742
4328
4214
7128
250
1517
4822
7774
6078
4341
610
1761
5807
2139
884
9351
1931
7589
2140
5058
304
4039
4341
2937
3253
907
5611
9231
9741
683
771
8343
9016
5110
5688
5865
3464
5801
8937
582
9639
6015
9501
2896
7966
8321
7631
779
8860
4414
6429
8337
3091
6988
511
7084
4650
7146
306
4574
6989
2827
5171
7992
135
3104
2183
5179
8453
2246
5137
7939
5120
9476
2913
7533
4613
2444
4069
5667
9944
4335
3304
6237
8016
681
9101
1991
749
5997
7174
6559
5059
265
8927
8962
6257
7180
2172
5710
156
3202
8303
6926
4826
7698
5488
5734
5986
5879
6474
8236
8788
9010
1215
7735
4922
9748
7954
2312
7430
3865
8139
2644
152
1521
7927
8082
6727
6784
2250
136
8315
3017
1131
9980
2584
1770
806
1957
5541
4960
5945
6492
4957
3987
660
2736
